0.0000000000000000e+00  0.0000000000000000e+00  0.0000000000000000e+00  -1.0000000000000007e+00
3.3333333333333335e-03  -8.2200840678717644e-07  8.3023037702500702e-05  -9.9999999655308625e-01
6.6666666666666671e-03  -3.3130786809396660e-06  1.6837369728433868e-04  -9.9999998581798322e-01
1.0000000000000000e-02  -7.5115482066591320e-06  2.5579396766855800e-04  -9.9999996725082463e-01
1.3333333333333334e-02  -1.3474781395100031e-05  3.4573979070872589e-04  -9.9999994012585358e-01
1.6666666666666666e-02  -2.1226796401654696e-05  4.3766606430536027e-04  -9.9999990396667671e-01
2.0000000000000000e-02  -3.0839202096999211e-05  5.3220007947999293e-04  -9.9999985785112999e-01
2.3333333333333334e-02  -4.2339014984170977e-05  6.2895537853563204e-04  -9.9999980121854037e-01
2.6666666666666668e-02  -5.5765687435301261e-05  7.2794033923830579e-04  -9.9999973335791914e-01
2.9999999999999999e-02  -7.1185433398873081e-05  8.2945537418571702e-04  -9.9999965326915607e-01
3.3333333333333333e-02  -8.8635201651770932e-05  9.3336909140887513e-04  -9.9999956018896730e-01
3.6666666666666660e-02  -1.0818704792610524e-04  1.0399618705877679e-03  -9.9999945301031024e-01
3.9999999999999994e-02  -1.2984136031188724e-04  1.1487774742779337e-03  -9.9999933120776496e-01
4.3333333333333328e-02  -1.5359603538688129e-04  1.2595406172201307e-03  -9.9999919431094009e-01
4.6666666666666662e-02  -1.7970706446546281e-04  1.3739592572491631e-03  -9.9999903912592802e-01
4.9999999999999996e-02  -2.0825039984669757e-04  1.4919609007415710e-03  -9.9999886428804807e-01
5.3333333333333337e-02  -2.3911173185235622e-04  1.6122638960843570e-03  -9.9999867042565638e-01
5.6666666666666671e-02  -2.7227856604710853e-04  1.7345954959311902e-03  -9.9999845687475153e-01
6.0000000000000005e-02  -3.0811524735969211e-04  1.8609525298085659e-03  -9.9999821891008089e-01
6.3333333333333339e-02  -3.4603791211899892e-04  1.9876005248926705e-03  -9.9999796250046047e-01
6.6666666666666680e-02  -3.8680216810104643e-04  2.1187463238151140e-03  -9.9999767785114513e-01
7.0000000000000021e-02  -4.3041641079802432e-04  2.2539006590159018e-03  -9.9999736412305784e-01
7.3333333333333348e-02  -4.7630441896699894e-04  2.3898455694891930e-03  -9.9999702728774309e-01
7.6666666666666689e-02  -5.2502144454994902e-04  2.5292936148823757e-03  -9.9999665941696947e-01
8.0000000000000029e-02  -5.7687883702790149e-04  2.6733409956258827e-03  -9.9999625550410609e-01
8.3333333333333356e-02  -6.3080672691999504e-04  2.8168629300718714e-03  -9.9999582791363106e-01
8.6666666666666684e-02  -6.8836810580589363e-04  2.9668296639198612e-03  -9.9999535540171813e-01
9.0000000000000024e-02  -7.4804596957807009e-04  3.1163286803212978e-03  -9.9999485669633548e-01
9.3333333333333365e-02  -8.1162004827988008e-04  3.2727652789121472e-03  -9.9999430658965183e-01
9.6666666666666692e-02  -8.7754340799790428e-04  3.4294941133091389e-03  -9.9999372474800108e-01
1.0000000000000003e-01  -9.4744843993505219e-04  3.5927930475914277e-03  -9.9999308612122528e-01
1.0333333333333337e-01  -1.0204797074094805e-03  3.7589711087934459e-03  -9.9999240182649207e-01
1.0666666666666670e-01  -1.0962649448013899e-03  3.9267053929682300e-03  -9.9999167614258000e-01
1.1000000000000004e-01  -1.1762658598885641e-03  4.1008970944683551e-03  -9.9999088422765881e-01
1.1333333333333338e-01  -1.2599120121912677e-03  4.2792467966975625e-03  -9.9999003337252890e-01
1.1666666666666671e-01  -1.3470859274158935e-03  4.4611381919748309e-03  -9.9998912283315733e-01
1.2000000000000005e-01  -1.4371474306871426e-03  4.6444611903969707e-03  -9.9998816132131552e-01
1.2333333333333339e-01  -1.5314707395529207e-03  4.8335201081531384e-03  -9.9998712338844786e-01
1.2666666666666673e-01  -1.6282260095131450e-03  5.0223861656167341e-03  -9.9998603684876575e-01
1.3000000000000006e-01  -1.7302773410777263e-03  5.2197825910963482e-03  -9.9998485074845000e-01
1.3333333333333339e-01  -1.8356685720526125e-03  5.4195962728774538e-03  -9.9998359742540133e-01
1.3666666666666674e-01  -1.9457064546119297e-03  5.6254688469923094e-03  -9.9998224926442536e-01
1.4000000000000007e-01  -2.0594682707888706e-03  5.8344955439385360e-03  -9.9998082082139494e-01
1.4333333333333340e-01  -2.1766979370983130e-03  6.0459086695239059e-03  -9.9997931362625470e-01
1.4666666666666675e-01  -2.2974609746076527e-03  6.2599599844182308e-03  -9.9997772316282385e-01
1.5000000000000008e-01  -2.4256129598514311e-03  6.4869259154195797e-03  -9.9997597075161160e-01
1.5333333333333340e-01  -2.5579971696694471e-03  6.7177559999150220e-03  -9.9997411363410771e-01
1.5666666666666676e-01  -2.6919200391622026e-03  6.9452343964957232e-03  -9.9997220117434471e-01
1.6000000000000009e-01  -2.8333224073613067e-03  7.1852075286240533e-03  -9.9997010996982671e-01
1.6333333333333341e-01  -2.9787390543394060e-03  7.4279647741357195e-03  -9.9996790441237482e-01
1.6666666666666674e-01  -3.1279823462130639e-03  7.6735016821351783e-03  -9.9996558671111524e-01
1.7000000000000007e-01  -3.2816769358113185e-03  7.9231042025105902e-03  -9.9996313816117577e-01
1.7333333333333342e-01  -3.4409076805544188e-03  8.1796034369314135e-03  -9.9996053242185101e-01
1.7666666666666675e-01  -3.6055888132232126e-03  8.4422685038607753e-03  -9.9995776149188220e-01
1.8000000000000008e-01  -3.7754298773695354e-03  8.7104348146644726e-03  -9.9995482623748644e-01
1.8333333333333343e-01  -3.9517602439822211e-03  8.9867617154354602e-03  -9.9995168927267686e-01
1.8666666666666676e-01  -4.1339521645916109e-03  9.2698885172661210e-03  -9.9994835913201452e-01
1.9000000000000009e-01  -4.3212978985045121e-03  9.5576859173216403e-03  -9.9994484441085707e-01
1.9333333333333344e-01  -4.5161004926078082e-03  9.8555353936633991e-03  -9.9994107860521242e-01
1.9666666666666677e-01  -4.7124114326174979e-03  1.0150264487913049e-02  -9.9993721441549821e-01
2.0000000000000009e-01  -4.9205971706032430e-03  1.0464014765555288e-02  -9.9993296129118225e-01
2.0333333333333345e-01  -5.1301906719405134e-03  1.0774121766084832e-02  -9.9992859847556592e-01
2.0666666666666678e-01  -5.3480714565543657e-03  1.1095470859072101e-02  -9.9992392864762103e-01
2.1000000000000010e-01  -5.5686339258632644e-03  1.1416263071956333e-02  -9.9991909886877095e-01
2.1333333333333346e-01  -5.7975614211039873e-03  1.1748427161149834e-02  -9.9991393510380200e-01
2.1666666666666679e-01  -6.0379904182155083e-03  1.2097262313638434e-02  -9.9990832603617208e-01
2.2000000000000011e-01  -6.2839406367807904e-03  1.2450818732118105e-02  -9.9990245058452842e-01
2.2333333333333347e-01  -6.5340674868612702e-03  1.2806683481587687e-02  -9.9989633340752238e-01
2.2666666666666679e-01  -6.7949268434825353e-03  1.3177124988086226e-02  -9.9988975153989568e-01
2.3000000000000012e-01  -7.0626390643492290e-03  1.3554960912912493e-02  -9.9988282764422187e-01
2.3333333333333348e-01  -7.3295350677995115e-03  1.3925653668580229e-02  -9.9987580113852470e-01
2.3666666666666680e-01  -7.6076520281642404e-03  1.4311655149438492e-02  -9.9986824050611434e-01
2.4000000000000013e-01  -7.8948951481807132e-03  1.4709440403265217e-02  -9.9986021468187869e-01
2.4333333333333348e-01  -8.1920630605564846e-03  1.5119804525770527e-02  -9.9985167500550320e-01
2.4666666666666681e-01  -8.4972811396733135e-03  1.5539291251417670e-02  -9.9984266176446301e-01
2.5000000000000017e-01  -8.8107752679320236e-03  1.5967814786611960e-02  -9.9983314668640555e-01
2.5333333333333347e-01  -9.1296666617706416e-03  1.6400864645108863e-02  -9.9982324874535666e-01
2.5666666666666682e-01  -9.4605043018917857e-03  1.6849862331721525e-02  -9.9981267914824301e-01
2.6000000000000018e-01  -9.8005436798339809e-03  1.7309527682227085e-02  -9.9980152617228446e-01
2.6333333333333347e-01  -1.0149616634533636e-02  1.7779429071007789e-02  -9.9978976096629646e-01
2.6666666666666683e-01  -1.0506691905534063e-02  1.8257655386728907e-02  -9.9977739704887147e-01
2.7000000000000018e-01  -1.0869984817000248e-02  1.8741891867334808e-02  -9.9976451697599933e-01
2.7333333333333348e-01  -1.1249294495104230e-02  1.9248543784050141e-02  -9.9975065386739159e-01
2.7666666666666684e-01  -1.1635520655713391e-02  1.9761124850148103e-02  -9.9973617699370865e-01
2.8000000000000019e-01  -1.2028317369533683e-02  2.0278949218710943e-02  -9.9972107147573575e-01
2.8333333333333349e-01  -1.2433886661071692e-02  2.0813481024988104e-02  -9.9970504603896504e-01
2.8666666666666685e-01  -1.2852320950749271e-02  2.1365193022365406e-02  -9.9968805350479140e-01
2.9000000000000020e-01  -1.3273283183835716e-02  2.1916617700103367e-02  -9.9967054253306009e-01
2.9333333333333350e-01  -1.3707143402005463e-02  2.2484277798351507e-02  -9.9965200397761445e-01
2.9666666666666686e-01  -1.4152160725770765e-02  2.3066801782621060e-02  -9.9963249663718234e-01
3.0000000000000021e-01  -1.4617125387616082e-02  2.3676234009881090e-02  -9.9961149108075986e-01
3.0333333333333351e-01  -1.5090404774873407e-02  2.4294833989332205e-02  -9.9958956687638678e-01
3.0666666666666687e-01  -1.5569756241586331e-02  2.4917893309959943e-02  -9.9956681372907341e-01
3.1000000000000022e-01  -1.6072568084357433e-02  2.5574447412718779e-02  -9.9954219235331310e-01
3.1333333333333352e-01  -1.6590553163215963e-02  2.6249920393352711e-02  -9.9951614792102972e-01
3.1666666666666687e-01  -1.7122290736317318e-02  2.6941694835501611e-02  -9.9948866457185004e-01
3.2000000000000023e-01  -1.7675217492715806e-02  2.7661165087301320e-02  -9.9945923962613159e-01
3.2333333333333353e-01  -1.8235899451847996e-02  2.8388545242817788e-02  -9.9942865522555058e-01
3.2666666666666688e-01  -1.8802281750172994e-02  2.9119560425273239e-02  -9.9939701721492780e-01
3.3000000000000024e-01  -1.9385443640472230e-02  2.9871289422656881e-02  -9.9936351744585095e-01
3.3333333333333354e-01  -1.9981037088755479e-02  3.0639156901253659e-02  -9.9932842802648070e-01
3.3666666666666689e-01  -2.0598842747538978e-02  3.1437181087300800e-02  -9.9929095953972324e-01
3.4000000000000025e-01  -2.1237898100227467e-02  3.2262063183009067e-02  -9.9925113731014725e-01
3.4333333333333355e-01  -2.1878911908457265e-02  3.3085445872792413e-02  -9.9921021923567876e-01
3.4666666666666690e-01  -2.2549915624321928e-02  3.3950131988734436e-02  -9.9916611095363450e-01
3.5000000000000026e-01  -2.3220216116131009e-02  3.4809837083859103e-02  -9.9912104250300726e-01
3.5333333333333355e-01  -2.3921278783522425e-02  3.5711838432939097e-02  -9.9907251297312916e-01
3.5666666666666691e-01  -2.4644417338014427e-02  3.6642048868598724e-02  -9.9902104377554279e-01
3.6000000000000026e-01  -2.5385382247391522e-02  3.7593450290272896e-02  -9.9896689571915764e-01
3.6333333333333356e-01  -2.6154120423701764e-02  3.8582515194622816e-02  -9.9890916852391443e-01
3.6666666666666692e-01  -2.6945774498402176e-02  3.9599005962848058e-02  -9.9884804147178952e-01
3.7000000000000027e-01  -2.7721961845578794e-02  4.0590227546151485e-02  -9.9878675180604792e-01
3.7333333333333357e-01  -2.8560366458245882e-02  4.1668409036334106e-02  -9.9871858366305044e-01
3.7666666666666693e-01  -2.9420838857629378e-02  4.2772415812119755e-02  -9.9864659387961074e-01
3.8000000000000028e-01  -3.0276644207276351e-02  4.3864846431376364e-02  -9.9857326354177967e-01
3.8333333333333358e-01  -3.1146831523176911e-02  4.4976830970343995e-02  -9.9849672448556914e-01
3.8666666666666694e-01  -3.2072124932711540e-02  4.6164570947298651e-02  -9.9841299158400576e-01
3.9000000000000029e-01  -3.2966993408441392e-02  4.7305226291317941e-02  -9.9833024821651672e-01
3.9333333333333359e-01  -3.3923829389410562e-02  4.8531063968638398e-02  -9.9823910081482703e-01
3.9666666666666694e-01  -3.4892462294334126e-02  4.9769352780685075e-02  -9.9814431398270598e-01
4.0000000000000030e-01  -3.5871724062851933e-02  5.1020053758062255e-02  -9.9804602931228981e-01
4.0333333333333360e-01  -3.6911036232777659e-02  5.2353326274383001e-02  -9.9793870086756575e-01
4.0666666666666695e-01  -3.7972209999710765e-02  5.3716269184668063e-02  -9.9782607184376415e-01
4.1000000000000031e-01  -3.9056489521725780e-02  5.5106267393487868e-02  -9.9770803684369502e-01
4.1333333333333361e-01  -4.0200129550755054e-02  5.6577515247001900e-02  -9.9757991451821404e-01
4.1666666666666696e-01  -4.1335862091949331e-02  5.8032331280872061e-02  -9.9744927382463167e-01
4.2000000000000032e-01  -4.2489135245857061e-02  5.9510224095846963e-02  -9.9731328975857758e-01
4.2333333333333362e-01  -4.3689594294534735e-02  6.1048121732904567e-02  -9.9716772096099593e-01
4.2666666666666697e-01  -4.4916392157614449e-02  6.2620996771416151e-02  -9.9701496061472772e-01
4.3000000000000033e-01  -4.6182859055268206e-02  6.4246482612997077e-02  -9.9685302369394102e-01
4.3333333333333363e-01  -4.7441400006078625e-02  6.5859501965778028e-02  -9.9668807136195281e-01
4.3666666666666698e-01  -4.8743823386122612e-02  6.7533491245502425e-02  -9.9651278800586773e-01
4.4000000000000034e-01  -5.0118144840697286e-02  6.9302738788146342e-02  -9.9632236180331157e-01
4.4333333333333363e-01  -5.1528998050379554e-02  7.1119490895310583e-02  -9.9612158711000798e-01
4.4666666666666699e-01  -5.3032212199368302e-02  7.3059569259830717e-02  -9.9590176555978560e-01
4.5000000000000034e-01  -5.4522707362928399e-02  7.4974110201639826e-02  -9.9567799333692175e-01
4.5333333333333364e-01  -5.6031606046050446e-02  7.6913991478358756e-02  -9.9544540151957583e-01
4.5666666666666700e-01  -5.7586243025922891e-02  7.8908874088713513e-02  -9.9519967030376655e-01
4.6000000000000035e-01  -5.9181229944484583e-02  8.0955688741727344e-02  -9.9494035923721114e-01
4.6333333333333365e-01  -6.0755409386375525e-02  8.2976131146187404e-02  -9.9467779024176650e-01
4.6666666666666701e-01  -6.2463412333621203e-02  8.5175688641401986e-02  -9.9438456079676563e-01
4.7000000000000036e-01  -6.4136211816039360e-02  8.7324923763330300e-02  -9.9409024648231825e-01
4.7333333333333366e-01  -6.5922697574175959e-02  8.9626629541135039e-02  -9.9376699526603340e-01
4.7666666666666702e-01  -6.7735945538793418e-02  9.1963324729542439e-02  -9.9343045725514179e-01
4.8000000000000037e-01  -6.9519632511219343e-02  9.4261125459889322e-02  -9.9309100212459700e-01
4.8333333333333367e-01  -7.1399544705262774e-02  9.6684961678658810e-02  -9.9272277250770569e-01
4.8666666666666702e-01  -7.3339549952023228e-02  9.9188354428534783e-02  -9.9233270381162053e-01
4.9000000000000038e-01  -7.5346992357596398e-02  1.0178514883699122e-01  -9.9191740414047325e-01
4.9333333333333368e-01  -7.7396019396538895e-02  1.0442817513034493e-01  -9.9148302395402421e-01
4.9666666666666703e-01  -7.9515293737286830e-02  1.0716501025496818e-01  -9.9102130669426458e-01
5.0000000000000033e-01  -8.1679358938439320e-02  1.0996714523338683e-01  -9.9053712052114840e-01
5.0333333333333374e-01  -8.3924946111798820e-02  1.1286824383389543e-01  -9.9002089938705584e-01
5.0666666666666704e-01  -8.6186254358421435e-02  1.1577965891602911e-01  -9.8948692752448308e-01
5.1000000000000034e-01  -8.8518712545619979e-02  1.1879198166603749e-01  -9.8892238899554719e-01
5.1333333333333375e-01  -9.0914156538899921e-02  1.2188278102968787e-01  -9.8832663332457305e-01
5.1666666666666705e-01  -9.3429871450440655e-02  1.2513354716532518e-01  -9.8768367856671690e-01
5.2000000000000035e-01  -9.5907801593985834e-02  1.2832477652022911e-01  -9.8703280890718159e-01
5.2333333333333376e-01  -9.8523821881869963e-02  1.3170819423711688e-01  -9.8632782270755659e-01
5.2666666666666706e-01  -1.0121587742682649e-01  1.3517995426954707e-01  -9.8558233478802182e-01
5.3000000000000036e-01  -1.0384267140870400e-01  1.3856366035408843e-01  -9.8483683521017440e-01
5.3333333333333377e-01  -1.0665840159966246e-01  1.4219307834058559e-01  -9.8401408393119727e-01
5.3666666666666707e-01  -1.0957577184908641e-01  1.4595588816615560e-01  -9.8313791777151660e-01
5.4000000000000037e-01  -1.1253761419636782e-01  1.4977026967712245e-01  -9.8222650500620723e-01
5.4333333333333378e-01  -1.1551510947586251e-01  1.5360382194253164e-01  -9.8128548963929130e-01
5.4666666666666708e-01  -1.1863150952675572e-01  1.5761373000505291e-01  -9.8027287886211656e-01
5.5000000000000038e-01  -1.2181076865932354e-01  1.6170041044550343e-01  -9.7921217970523966e-01
5.5333333333333379e-01  -1.2503825130432938e-01  1.6585289822119834e-01  -9.7810598645850799e-01
5.5666666666666709e-01  -1.2831859367145390e-01  1.7006591227304574e-01  -9.7695147890449008e-01
5.6000000000000039e-01  -1.3174999642159402e-01  1.7448045365939169e-01  -9.7571050850383112e-01
5.6333333333333380e-01  -1.3533709963392079e-01  1.7908795757802437e-01  -9.7438033045309957e-01
5.6666666666666710e-01  -1.3892594602509065e-01  1.8369228168550664e-01  -9.7301235035229849e-01
5.7000000000000040e-01  -1.4263679816485980e-01  1.8844551842378698e-01  -9.7155939206411179e-01
5.7333333333333381e-01  -1.4640986511984466e-01  1.9327572471237980e-01  -9.7004287402966760e-01
5.7666666666666710e-01  -1.5034551393946913e-01  1.9830748267241194e-01  -9.6841690888817455e-01
5.8000000000000040e-01  -1.5438015524061122e-01  2.0345094606850536e-01  -9.6670428821046350e-01
5.8333333333333381e-01  -1.5847499629141790e-01  2.0866566862516356e-01  -9.6492320048319125e-01
5.8666666666666711e-01  -1.6271578736257844e-01  2.1405233512924263e-01  -9.6302568470467054e-01
5.9000000000000041e-01  -1.6699736885963576e-01  2.1948317273892778e-01  -9.6106115386919466e-01
5.9333333333333382e-01  -1.7143967831818641e-01  2.2511538043789775e-01  -9.5896667722897977e-01
5.9666666666666712e-01  -1.7604159104070516e-01  2.3092842342501832e-01  -9.5673625945143170e-01
6.0000000000000042e-01  -1.8066325446198753e-01  2.3674921560287518e-01  -9.5443466513185216e-01
6.0333333333333383e-01  -1.8540159837975745e-01  2.4271215792368014e-01  -9.5201638862169413e-01
6.0666666666666713e-01  -1.9033189671967535e-01  2.4890047400689230e-01  -9.4942865885168337e-01
6.1000000000000043e-01  -1.9534003957009249e-01  2.5517945357042321e-01  -9.4672810123542783e-01
6.1333333333333384e-01  -2.0053858062238278e-01  2.6168400575613154e-01  -9.4384962602072853e-01
6.1666666666666714e-01  -2.0568526272571441e-01  2.6808261155121382e-01  -9.4092540866817376e-01
6.2000000000000044e-01  -2.1108489313808765e-01  2.7478296834013938e-01  -9.3777289452320267e-01
6.2333333333333385e-01  -2.1645704915649758e-01  2.8142789015152220e-01  -9.3455760485761830e-01
6.2666666666666715e-01  -2.2191261442107538e-01  2.8817058521192457e-01  -9.3120408855662873e-01
6.3000000000000045e-01  -2.2781015060933973e-01  2.9545438824738718e-01  -9.2747475812646618e-01
6.3333333333333386e-01  -2.3358913368592391e-01  3.0254556685026335e-01  -9.2373054170395175e-01
6.3666666666666716e-01  -2.3973241999774281e-01  3.1005088311625395e-01  -9.1963945446525086e-01
6.4000000000000046e-01  -2.4588885146021591e-01  3.1754248115848377e-01  -9.1542376536492709e-01
6.4333333333333387e-01  -2.5235152886404000e-01  3.2538273667832535e-01  -9.1088655062735180e-01
6.4666666666666717e-01  -2.5887363312031703e-01  3.3325655726356179e-01  -9.0618117694359579e-01
6.5000000000000047e-01  -2.6546595931659223e-01  3.4116885042281836e-01  -9.0131462283689823e-01
6.5333333333333388e-01  -2.7223181920656780e-01  3.4923572319710461e-01  -8.9617527881722270e-01
6.5666666666666718e-01  -2.7933923787662940e-01  3.5767200423424744e-01  -8.9062585864638710e-01
6.6000000000000048e-01  -2.8662725306084574e-01  3.6625307041697303e-01  -8.8478150975677161e-01
6.6333333333333389e-01  -2.9386753001454741e-01  3.7469758943821241e-01  -8.7883359758581847e-01
6.6666666666666707e-01  -3.0142057269479833e-01  3.8344900819096056e-01  -8.7245276164995444e-01
6.7000000000000037e-01  -3.0912121266781384e-01  3.9231588929673133e-01  -8.6576917057901714e-01
6.7333333333333367e-01  -3.1710045503160922e-01  4.0142807174902911e-01  -8.5864949816058067e-01
6.7666666666666686e-01  -3.2511025757318135e-01  4.1045352917050609e-01  -8.5131457909677344e-01
6.8000000000000016e-01  -3.3353957343018031e-01  4.1989379470450516e-01  -8.4337662342129149e-01
6.8333333333333346e-01  -3.4191023785433933e-01  4.2912668207705890e-01  -8.3530587517925126e-01
6.8666666666666665e-01  -3.5050619450440579e-01  4.3851204814671446e-01  -8.2678828989297803e-01
6.8999999999999995e-01  -3.5913976365526085e-01  4.4780264161552913e-01  -8.1802368343186738e-01
6.9333333333333325e-01  -3.6807285887752389e-01  4.5730619773088543e-01  -8.0871090644699306e-01
6.9666666666666643e-01  -3.7733070817079972e-01  4.6703343094368749e-01  -7.9877367804870825e-01
6.9999999999999973e-01  -3.8695145991157653e-01  4.7703041074405628e-01  -7.8814215676066357e-01
7.0333333333333303e-01  -3.9642569540883643e-01  4.8663389805897717e-01  -7.7745180753764520e-01
7.0666666666666622e-01  -4.0596861550438162e-01  4.9609663617336763e-01  -7.6641635988518608e-01
7.0999999999999952e-01  -4.1582669002602080e-01  5.0573531665942262e-01  -7.5470097291198479e-01
7.1333333333333282e-01  -4.2591239916884571e-01  5.1541631283397582e-01  -7.4238069992518985e-01
7.1666666666666601e-01  -4.3611197099690152e-01  5.2497195125642926e-01  -7.2959649881690947e-01
7.1999999999999931e-01  -4.4664746648731540e-01  5.3462443055299991e-01  -7.1600883856940600e-01
7.2333333333333261e-01  -4.5728647192068217e-01  5.4408184263992809e-01  -7.0194496970937625e-01
7.2666666666666579e-01  -4.6813248311933431e-01  5.5347124971095374e-01  -6.8723934621675886e-01
7.2999999999999909e-01  -4.7933377949373551e-01  5.6292271851301134e-01  -6.7161195323918443e-01
7.3333333333333239e-01  -4.9067839496286891e-01  5.7212673722659402e-01  -6.5533094226193245e-01
7.3666666666666558e-01  -5.0211708061926796e-01  5.8101704057288461e-01  -6.3849860772036071e-01
7.3999999999999888e-01  -5.1375998060511630e-01  5.8969828254386658e-01  -6.2094417706864213e-01
7.4333333333333218e-01  -5.2558147544301526e-01  5.9810945325487541e-01  -6.0267967122128574e-01
7.4666666666666537e-01  -5.3743795925484728e-01  6.0604533468430910e-01  -5.8391589384891285e-01
7.4999999999999867e-01  -5.4947531190354271e-01  6.1364097419125840e-01  -5.6437882795303784e-01
7.5333333333333197e-01  -5.6141944255135423e-01  6.2056582376093761e-01  -5.4457450777528371e-01
7.5666666666666516e-01  -5.7348654564504453e-01  6.2704097231333522e-01  -5.2408768454663879e-01
7.5999999999999845e-01  -5.8611989740331927e-01  6.3349391057470816e-01  -5.0178526046645622e-01
7.6333333333333175e-01  -5.9896278498349709e-01  6.3944100812819260e-01  -4.7839135301640034e-01
7.6666666666666494e-01  -6.1169930155978991e-01  6.4447144486624197e-01  -4.5476952084209071e-01
7.6999999999999824e-01  -6.2437381292325644e-01  6.4865418066435188e-01  -4.3078091344202130e-01
7.7333333333333154e-01  -6.3720468606941227e-01  6.5217705286792227e-01  -4.0581908442516379e-01
7.7666666666666473e-01  -6.5016093136771058e-01  6.5488128722539185e-01  -3.7984983381502035e-01
7.7999999999999803e-01  -6.6308838530732317e-01  6.5660517418969344e-01  -3.5335953821035559e-01
7.8333333333333133e-01  -6.7609880879587692e-01  6.5739486677546866e-01  -3.2596358908835732e-01
7.8666666666666452e-01  -6.8906617376883061e-01  6.5705732533215022e-01  -2.9796127802647560e-01
7.8999999999999782e-01  -7.0204834405160066e-01  6.5560617886270856e-01  -2.6919690328161267e-01
7.9333333333333111e-01  -7.1499101150462807e-01  6.5291390754572598e-01  -2.3978513162300655e-01
7.9666666666666430e-01  -7.2770000876410212e-01  6.4875412223355533e-01  -2.1063235375754433e-01
7.9999999999999760e-01  -7.4051024643093610e-01  6.4337086285003353e-01  -1.7972523758716802e-01
8.0333333333333090e-01  -7.5303470017527641e-01  6.3635927527952274e-01  -1.4960417109305527e-01
8.0666666666666409e-01  -7.6553731235702571e-01  6.2790425789109772e-01  -1.1807489488699199e-01
8.0999999999999739e-01  -7.7785920042354151e-01  6.1776437777096260e-01  -8.6228414150075192e-02
8.1333333333333069e-01  -7.8990726615813900e-01  6.0582892530925903e-01  -5.4596875327622960e-02
8.1666666666666388e-01  -8.0169422768188814e-01  5.9206067370180515e-01  -2.2779680028156769e-02
8.1999999999999718e-01  -8.1317211702647629e-01  5.7635065847225520e-01  1.0020869654515969e-02
8.2333333333333047e-01  -8.2430222264555586e-01  5.5863858277007128e-01  4.1219927667094196e-02
8.2666666666666366e-01  -8.3503849686235077e-01  5.3887936997898322e-01  7.2933093900881901e-02
8.2999999999999696e-01  -8.4531348060944411e-01  5.1696072636637902e-01  1.0470172210615773e-01
8.3333333333333026e-01  -8.5535143162652616e-01  4.9301223204522510e-01  1.3415814984323382e-01
8.3666666666666345e-01  -8.6478302844032617e-01  4.6685069450110400e-01  1.6362692641402130e-01
8.3999999999999675e-01  -8.7368790574232613e-01  4.3850354366642053e-01  1.9198724571542372e-01
8.4333333333333005e-01  -8.8194912596191921e-01  4.0793305317694717e-01  2.1923288757985235e-01
8.4666666666666324e-01  -8.8940929903281751e-01  3.7507152019310619e-01  2.4576228679627460e-01
8.4999999999999654e-01  -8.9633100960486511e-01  3.4008994692788203e-01  2.6996258679332835e-01
8.5333333333332984e-01  -9.0262875488551364e-01  3.0302229928445673e-01  2.9216887962789362e-01
8.5666666666666302e-01  -9.0808105933323602e-01  2.6394459994959185e-01  3.1208324301546275e-01
8.5999999999999632e-01  -9.1256331696680149e-01  2.2289713348284831e-01  3.3017654794811918e-01
8.6333333333332962e-01  -9.1662140815043525e-01  1.8017108204533047e-01  3.4456027094794983e-01
8.6666666666666281e-01  -9.1966338387931745e-01  1.3583642727940223e-01  3.5633172196057861e-01
8.6999999999999611e-01  -9.2198855412699032e-01  9.0148354061237057e-02  3.6454091246777820e-01
8.7333333333332941e-01  -9.2306136634513547e-01  4.3274299439604508e-02  3.7001533075075632e-01
8.7666666666666260e-01  -9.2352159322703009e-01  -4.4298339205209852e-03  3.7127478752113902e-01
8.7999999999999590e-01  -9.2312546411238194e-01  -5.2669656939593829e-02  3.6826631039335078e-01
8.8333333333332920e-01  -9.2121209720325159e-01  -1.0111753054429228e-01  3.6273350345423344e-01
8.8666666666666238e-01  -9.1882424977437227e-01  -1.4945399004317389e-01  3.5162870649108652e-01
8.8999999999999568e-01  -9.1516545327844390e-01  -1.9715852090079447e-01  3.3721948507757538e-01
8.9333333333332898e-01  -9.1091340602347137e-01  -2.4391939787665434e-01  3.1726760148728123e-01
8.9666666666666217e-01  -9.0564045852386699e-01  -2.8915763263287103e-01  2.9328914310504178e-01
8.9999999999999547e-01  -8.9950280915422320e-01  -3.3237946755159775e-01  2.6462922938579736e-01
9.0333333333332877e-01  -8.9251170160960613e-01  -3.7308896733185959e-01  2.3179269928790758e-01
9.0666666666666196e-01  -8.8462557579643120e-01  -4.1074620359864250e-01  1.9516211228349006e-01
9.0999999999999526e-01  -8.7611492818526049e-01  -4.4489024882012534e-01  1.5395640276547243e-01
9.1333333333332856e-01  -8.6685898504079018e-01  -4.7488877181049943e-01  1.0927729971091725e-01
9.1666666666666174e-01  -8.5714921244310327e-01  -5.0033036002985176e-01  6.0541440302509360e-02
9.1999999999999504e-01  -8.4697177533241241e-01  -5.2064567632474612e-01  8.7004883283976955e-03
9.2333333333332834e-01  -8.3640112955012069e-01  -5.3541320584899277e-01  -4.4534175924632595e-02
9.2666666666666153e-01  -8.2558780783390351e-01  -5.4424549405407641e-01  -1.0095024426411693e-01
9.2999999999999483e-01  -8.1462726282225972e-01  -5.4673461543806401e-01  -1.5865145595112040e-01
9.3333333333332813e-01  -8.0374374442267948e-01  -5.4268724836719073e-01  -2.1675705810492252e-01
9.3666666666666132e-01  -7.9309126844042432e-01  -5.3192700060972886e-01  -2.7470747766721437e-01
9.3999999999999462e-01  -7.8265281213110105e-01  -5.1428015150517359e-01  -3.3214176349306285e-01
9.4333333333332792e-01  -7.7239216235162056e-01  -4.8957501545261323e-01  -3.8844891619785399e-01
9.4666666666666111e-01  -7.6304883443074212e-01  -4.5829521399141271e-01  -4.4135640990129715e-01
9.4999999999999440e-01  -7.5455274136937533e-01  -4.2064291350085375e-01  -4.9066116450952413e-01
9.5333333333332770e-01  -7.4700771027266222e-01  -3.7697576142767797e-01  -5.3543372432919967e-01
9.5666666666666089e-01  -7.3995025752056875e-01  -3.2742038343841984e-01  -5.7609309097867922e-01
9.5999999999999419e-01  -7.3400021165418716e-01  -2.7282164345633797e-01  -6.1097854399897933e-01
9.6333333333332749e-01  -7.2939333678129548e-01  -2.1378563183685356e-01  -6.3930700168287080e-01
9.6666666666666068e-01  -7.2601283669531613e-01  -1.5113578497695962e-01  -6.6054185457910897e-01
9.6999999999999398e-01  -7.2305143657346760e-01  -8.5600225707829367e-02  -6.7531324155613592e-01
9.7333333333332728e-01  -7.2207760819307309e-01  -1.8390211009879479e-02  -6.8138952744190762e-01
9.7666666666666047e-01  -7.2256267039724154e-01  4.9637820753053646e-02  -6.7922867069171022e-01
9.7999999999999376e-01  -7.2411083455347491e-01  1.1730374175789780e-01  -6.6921223295280263e-01
9.8333333333332706e-01  -7.2714135108650502e-01  1.8362384777565899e-01  -6.5063048209247087e-01
9.8666666666666025e-01  -7.3156372500088873e-01  2.4740871174058701e-01  -6.2388658331139168e-01
9.8999999999999355e-01  -7.3722662178548770e-01  3.0759164220620683e-01  -5.8938213843106724e-01
9.9333333333332685e-01  -7.4371979046704750e-01  3.6303759968816218e-01  -5.4819707737323531e-01
9.9666666666666004e-01  -7.5158513440679497e-01  4.1308356442337302e-01  -4.9982520814918713e-01
