0.0000000000000000e+00  -9.2450713751190960e-11  -3.2840557537397781e-17  -9.2450680910633423e-11
3.3333333333333335e-03  -5.0774962012667402e-10  -1.3137920891373501e-10  -3.7637041121293901e-10
6.6666666666666671e-03  -4.3694692308804406e-10  4.6473565448097712e-10  -9.0168257756902118e-10
1.0000000000000000e-02  -2.2652446585169628e-09  -6.2777269786433549e-10  -1.6374719606526273e-09
1.3333333333333334e-02  -2.4035842205449853e-09  2.5909540969832236e-10  -2.6626796302433077e-09
1.6666666666666666e-02  -6.7799359459996822e-09  -2.9124206380992855e-09  -3.8675153079003967e-09
2.0000000000000000e-02  -8.3604907441525711e-09  -3.0114877330166317e-09  -5.3490030111359394e-09
2.3333333333333334e-02  -8.0664981361167065e-09  -8.4072535365933290e-10  -7.2257727824573736e-09
2.6666666666666668e-02  -6.5256178238826124e-09  3.0930729871703461e-09  -9.6186908110529584e-09
2.9999999999999999e-02  -1.2011546646206739e-08  3.3752807396474456e-10  -1.2349074720171483e-08
3.3333333333333333e-02  -2.7975368022126190e-08  -1.2946517986479202e-08  -1.5028850035646988e-08
3.6666666666666660e-02  -2.7343930897316682e-08  -9.1285250051724954e-09  -1.8215405892144186e-08
3.9999999999999994e-02  -1.5552274135188782e-08  6.9404952144955795e-09  -2.2492769349684361e-08
4.3333333333333328e-02  -2.1164924701722043e-08  6.1829066410107775e-09  -2.7347831342732821e-08
4.6666666666666662e-02  -3.2159073404258720e-08  4.7424197732361033e-10  -3.2633315381582330e-08
4.9999999999999996e-02  -5.0300497544952805e-08  -1.2220543271555491e-08  -3.8079954273397313e-08
5.3333333333333337e-02  -4.2039946634986336e-08  2.7155508034147191e-09  -4.4755497438401055e-08
5.6666666666666671e-02  -4.8738051150465367e-08  3.5065724741607212e-09  -5.2244623624626088e-08
6.0000000000000005e-02  -7.0946655661430214e-08  -1.0961438224358926e-08  -5.9985217437071288e-08
6.3333333333333339e-02  -5.1523719513113519e-08  1.8231334991264983e-08  -6.9755054504378503e-08
6.6666666666666680e-02  -7.5372690533370701e-08  4.6417541994966578e-09  -8.0014444732867359e-08
7.0000000000000021e-02  -1.0394604688102049e-07  -1.3377252538242814e-08  -9.0568794342777679e-08
7.3333333333333348e-02  -4.5829215089554509e-08  5.9368375968506978e-08  -1.0519759105806149e-07
7.6666666666666689e-02  -8.2391817368687725e-08  3.7982687947266756e-08  -1.2037450531595448e-07
8.0000000000000029e-02  -1.9150390317967947e-07  -5.8493427889189360e-08  -1.3301047529049011e-07
8.3333333333333356e-02  -1.6640812328105881e-07  -1.8017681594517871e-08  -1.4839044168654094e-07
8.6666666666666684e-02  -2.0184264681866182e-07  -3.7634823047922476e-08  -1.6420782377073934e-07
9.0000000000000024e-02  -2.0556902380342024e-07  -2.3583572174903030e-08  -1.8198545162851721e-07
9.3333333333333365e-02  -2.2588570680603937e-07  -2.4684480284063807e-08  -2.0120122652197556e-07
9.6666666666666692e-02  -1.3783743924022929e-07  8.9771835744450351e-08  -2.2760927498467964e-07
1.0000000000000003e-01  -2.4508896601105334e-07  7.2287979351080382e-09  -2.5231776394616138e-07
1.0333333333333337e-01  -3.0653887739262586e-07  -2.9253152587808545e-08  -2.7728572480481732e-07
1.0666666666666670e-01  -4.0493797137663989e-07  -1.0464407670806473e-07  -3.0029389466857516e-07
1.1000000000000004e-01  -2.4530538911271549e-07  8.9882396557725791e-08  -3.3518778567044128e-07
1.1333333333333338e-01  -5.0066048618013781e-07  -1.4000868533063596e-07  -3.6065180084950184e-07
1.1666666666666671e-01  -4.2192282823094729e-07  -2.7964864377248684e-08  -3.9395796385369860e-07
1.2000000000000005e-01  -4.3700887331077354e-07  -5.9295437625701411e-09  -4.3107932954820340e-07
1.2333333333333339e-01  -5.5293379452869829e-07  -8.6706747815563627e-08  -4.6622704671313466e-07
1.2666666666666673e-01  -5.0175956101128349e-07  7.8794055532051595e-09  -5.0963896656448865e-07
1.3000000000000006e-01  -6.7455521146619901e-07  -1.2672347009178036e-07  -5.4783174137441865e-07
1.3333333333333339e-01  -6.2799090572163152e-07  -3.3380633996115846e-08  -5.9461027172551567e-07
1.3666666666666674e-01  -5.7782532647543405e-07  7.4114025361128377e-08  -6.5193935183656243e-07
1.4000000000000007e-01  -4.8320267187484944e-07  2.4078143091666579e-07  -7.2398410279151524e-07
1.4333333333333340e-01  -4.4296436585433696e-07  3.6497760871022747e-07  -8.0794197456456443e-07
1.4666666666666675e-01  -7.8064128872235017e-07  1.0153201484514638e-07  -8.8217330356749655e-07
1.5000000000000008e-01  -9.3007642054665496e-07  2.7294986979591442e-08  -9.5737140752624640e-07
1.5333333333333340e-01  -1.2268735085640969e-06  -2.0305105447476590e-07  -1.0238224540893310e-06
1.5666666666666676e-01  -1.2773579554092862e-06  -1.8204625164735200e-07  -1.0953117037619342e-06
1.6000000000000009e-01  -1.0326965824702938e-06  1.6125579726846233e-07  -1.1939523797387562e-06
1.6333333333333341e-01  -1.2766759320825827e-06  1.2945955986351085e-08  -1.2896218880689338e-06
1.6666666666666674e-01  -4.6622208293989331e-07  9.8669726647283946e-07  -1.4529193494127328e-06
1.7000000000000007e-01  -1.7447497153710856e-06  -1.9074633949102732e-07  -1.5540033758800583e-06
1.7333333333333342e-01  -1.5522354648300762e-06  1.2906918037208778e-07  -1.6813046452021640e-06
1.7666666666666675e-01  -1.9641250685875633e-06  -1.6603876662816937e-07  -1.7980863019593939e-06
1.8000000000000008e-01  -2.7163875038205276e-06  -8.4298457610320797e-07  -1.8734029277173197e-06
1.8333333333333343e-01  -1.3785469803462291e-06  6.8423149768500990e-07  -2.0627784780312390e-06
1.8666666666666676e-01  -2.3196798353275483e-06  -1.1320263768793069e-07  -2.2064771976396176e-06
1.9000000000000009e-01  -2.0086428911270104e-06  3.8700186702692756e-07  -2.3956447581539380e-06
1.9333333333333344e-01  -1.5494144895988882e-06  1.0955388615179532e-06  -2.6449533511168414e-06
1.9666666666666677e-01  -2.5433425094867346e-06  3.1188483088536474e-07  -2.8552273403720993e-06
2.0000000000000009e-01  -2.4657638011404970e-06  6.3430290935498883e-07  -3.1000667104954858e-06
2.0333333333333345e-01  -4.4774262621949390e-06  -1.2477119232666041e-06  -3.2297143389283349e-06
2.0666666666666678e-01  -3.9618805209862273e-06  -5.5025845466270281e-07  -3.4116220663235245e-06
2.1000000000000010e-01  -3.4569841649290112e-06  2.0723695113860360e-07  -3.6642211160676148e-06
2.1333333333333346e-01  -3.2551128339441959e-06  7.1822024269049418e-07  -3.9733330766346901e-06
2.1666666666666679e-01  -3.2835652745699662e-06  1.0410097140841114e-06  -4.3245749886540775e-06
2.2000000000000011e-01  -3.6139883419217256e-06  1.0836343783217023e-06  -4.6976227202434279e-06
2.2333333333333347e-01  -5.5957796061267828e-06  -6.3196530321948241e-07  -4.9638143029073004e-06
2.2666666666666679e-01  -4.1554788219322347e-06  1.2339154782930122e-06  -5.3893943002252469e-06
2.3000000000000012e-01  -6.4216696948893315e-06  -7.3513372799067704e-07  -5.6865359668986544e-06
2.3333333333333348e-01  -6.7813867834498609e-06  -7.9002511870856584e-07  -5.9913616647412951e-06
2.3666666666666680e-01  -6.3841270161457686e-06  -3.5140228974783001e-09  -6.3806129932482903e-06
2.4000000000000013e-01  -6.3074501155391260e-06  5.3429663641485237e-07  -6.8417467519539784e-06
2.4333333333333348e-01  -7.4465416060043310e-06  -1.8269009661701568e-07  -7.2638515093873153e-06
2.4666666666666681e-01  -6.2950851815735120e-06  1.5792602864657694e-06  -7.8743454680392815e-06
2.5000000000000017e-01  -9.0645961419166809e-06  -7.6282815577341846e-07  -8.3017679861432625e-06
2.5333333333333347e-01  -9.6323217377847214e-06  -8.9859684568290301e-07  -8.7337248921018184e-06
2.5666666666666682e-01  -8.1349025744525960e-06  1.2792619171257874e-06  -9.4141644915783834e-06
2.6000000000000018e-01  -1.0655460266795203e-05  -7.3184551876272487e-07  -9.9236147480324777e-06
2.6333333333333347e-01  -1.0015112068550991e-05  5.8845858758546089e-07  -1.0603570656136452e-05
2.6666666666666683e-01  -1.1440384444449947e-05  -2.0573174603396026e-07  -1.1234652698415987e-05
2.7000000000000018e-01  -1.1894597043538013e-05  3.3661767140441559e-08  -1.1928258810678455e-05
2.7333333333333348e-01  -1.2987416163623422e-05  -3.7606890593797364e-07  -1.2611347257685448e-05
2.7666666666666684e-01  -1.0775345770541733e-05  2.9519534794531840e-06  -1.3727299249994917e-05
2.8000000000000019e-01  -1.4860749269152151e-05  -3.4214643406705215e-07  -1.4518602835085099e-05
2.8333333333333349e-01  -1.2719585214204798e-05  3.0165587146435434e-06  -1.5736143928848342e-05
2.8666666666666685e-01  -1.5224076670206088e-05  1.6329489872344206e-06  -1.6857025657440509e-05
2.9000000000000020e-01  -1.8900977112989992e-05  -1.1698073999236611e-06  -1.7731169713066331e-05
2.9333333333333350e-01  -2.0197993395809632e-05  -1.6111425638845006e-06  -1.8586850831925132e-05
2.9666666666666686e-01  -1.9520192429567373e-05  1.9027552241121802e-07  -1.9710467951978591e-05
3.0000000000000021e-01  -1.7425515448366014e-05  3.9425514388825740e-06  -2.1368066887248588e-05
3.0333333333333351e-01  -2.3046651387970130e-05  -4.8633227706218661e-07  -2.2560319110907943e-05
3.0666666666666687e-01  -2.4229957366728172e-05  -4.0583456528723937e-07  -2.3824122801440933e-05
3.1000000000000022e-01  -2.8031706540199153e-05  -3.3021481214861728e-06  -2.4729558418712980e-05
3.1333333333333352e-01  -2.6070375298559156e-05  1.0961343531877186e-07  -2.6179988733877928e-05
3.1666666666666687e-01  -3.0432100305510801e-05  -3.3420680664490017e-06  -2.7090032239061799e-05
3.2000000000000023e-01  -3.0471105013418764e-05  -2.3355613977877141e-06  -2.8135543615631050e-05
3.2333333333333353e-01  -2.9657329941867872e-05  1.2574902860132298e-07  -2.9783078970469195e-05
3.2666666666666688e-01  -3.2531110860212209e-05  -1.4269549751494445e-06  -3.1104155885062765e-05
3.3000000000000024e-01  -3.3127389679421526e-05  -3.5068418991021400e-07  -3.2776705489511312e-05
3.3333333333333354e-01  -3.5504212871240171e-05  -1.3155945733287194e-06  -3.4188618297911451e-05
3.3666666666666689e-01  -3.6119834873282741e-05  3.0229839830583222e-08  -3.6150064713113324e-05
3.4000000000000025e-01  -3.8838969591559191e-05  -1.1456678991964630e-06  -3.7693301692362729e-05
3.4333333333333355e-01  -4.0143520426028090e-05  -7.3008193343463421e-07  -3.9413438492593456e-05
3.4666666666666690e-01  -4.1720299689185225e-05  -2.2147766634100742e-07  -4.1498822022844218e-05
3.5000000000000026e-01  -4.3888477421871741e-05  -1.3943626954081789e-07  -4.3749041152330923e-05
3.5333333333333355e-01  -4.5972376621516986e-05  -9.4335411900613278e-07  -4.5029022502510853e-05
3.5666666666666691e-01  -4.7852148653548809e-05  8.1366539855437839e-07  -4.8665814052103188e-05
3.6000000000000026e-01  -5.1024701917645743e-05  1.2301439558815307e-06  -5.2254845873527273e-05
3.6333333333333356e-01  -5.5448938745872312e-05  -6.0744029629190106e-07  -5.4841498449580410e-05
3.6666666666666692e-01  -5.7316905133442120e-05  1.4592403536826024e-06  -5.8776145487124722e-05
3.7000000000000027e-01  -6.2712570737755158e-05  -1.4653851884117118e-06  -6.1247185549343446e-05
3.7333333333333357e-01  -6.4832812779469506e-05  -1.2443776295881665e-06  -6.3588435149881340e-05
3.7666666666666693e-01  -6.6625205084713812e-05  2.3837192126014827e-06  -6.9008924297315295e-05
3.8000000000000028e-01  -7.3196839323719232e-05  -7.4786313848779185e-07  -7.2448976185231440e-05
3.8333333333333358e-01  -7.4981782343330750e-05  3.2194223197053000e-06  -7.8201204663036050e-05
3.8666666666666694e-01  -8.4280937115099874e-05  -3.8667489578502265e-06  -8.0414188157249648e-05
3.9000000000000029e-01  -8.4904814130482009e-05  -1.1440289443038370e-06  -8.3760785186178172e-05
3.9333333333333359e-01  -8.8274620365869083e-05  -3.1136068201161916e-07  -8.7963259683857464e-05
3.9666666666666694e-01  -9.2961770901345275e-05  7.4540159256217698e-08  -9.3036311060601493e-05
4.0000000000000030e-01  -9.7532565086488887e-05  -4.5598350228083127e-07  -9.7076581584208056e-05
4.0333333333333360e-01  -1.0289349979308859e-04  1.5125210344739024e-07  -1.0304475189653598e-04
4.0666666666666695e-01  -1.0766199021605694e-04  -2.5118643665575401e-07  -1.0741080377940118e-04
4.1000000000000031e-01  -1.1047957372678496e-04  7.8417437821397414e-07  -1.1126374810499894e-04
4.1333333333333361e-01  -1.1655993459558367e-04  3.9541069924052476e-07  -1.1695534529482419e-04
4.1666666666666696e-01  -1.2298404821886599e-04  2.3150288495940130e-07  -1.2321555110382539e-04
4.2000000000000032e-01  -1.2936987196132677e-04  3.3228588462537651e-07  -1.2970215784595214e-04
4.2333333333333362e-01  -1.3614927634164609e-04  3.7151760697755679e-07  -1.3652079394862364e-04
4.2666666666666697e-01  -1.4359280145592734e-04  2.6780028269547521e-07  -1.4386060173862282e-04
4.3000000000000033e-01  -1.5389945482424672e-04  -7.2124554676054561e-07  -1.5317820927748617e-04
4.3333333333333363e-01  -1.5836381654943388e-04  1.2894138848823608e-06  -1.5965323043431624e-04
4.3666666666666698e-01  -1.6573843238387731e-04  1.3784487311374659e-06  -1.6711688111501478e-04
4.4000000000000034e-01  -1.7969317476418389e-04  -1.3786132103962921e-06  -1.7831456155378760e-04
4.4333333333333363e-01  -1.9225458378824278e-04  -6.1660332637222836e-07  -1.9163798046187055e-04
4.4666666666666699e-01  -2.0177562815337780e-04  -8.8484604463792606e-08  -2.0168714354891400e-04
4.5000000000000034e-01  -2.1536254622489537e-04  2.3910835284042433e-06  -2.1775362975329961e-04
4.5333333333333364e-01  -2.2901764810701053e-04  -2.1323092192201748e-06  -2.2688533888779035e-04
4.5666666666666700e-01  -2.3979936284401759e-04  1.2844762892736967e-07  -2.3992781047294496e-04
4.6000000000000035e-01  -2.5347931132646551e-04  5.5930110051639285e-08  -2.5353524143651715e-04
4.6333333333333365e-01  -2.6468351858910388e-04  -1.2296077163024091e-06  -2.6345391087280147e-04
4.6666666666666701e-01  -2.7307043593816083e-04  1.0001963045126543e-06  -2.7407063224267348e-04
4.7000000000000036e-01  -2.8883298535475888e-04  2.0821203807527139e-07  -2.8904119739283415e-04
4.7333333333333366e-01  -3.0041035325734100e-04  1.8028810153538450e-06  -3.0221323427269485e-04
4.7666666666666702e-01  -3.2373341260960586e-04  -1.4928433004162247e-06  -3.2224056930918964e-04
4.8000000000000037e-01  -3.3761836328505268e-04  7.1743514536934958e-07  -3.3833579843042203e-04
4.8333333333333367e-01  -3.4918186985377631e-04  3.1609406426658538e-06  -3.5234281049644216e-04
4.8666666666666702e-01  -3.7335170575358845e-04  -4.8990251675436625e-07  -3.7286180323683408e-04
4.9000000000000038e-01  -3.9949921871440530e-04  -1.6642180305694184e-06  -3.9783500068383588e-04
4.9333333333333368e-01  -4.2266599843765462e-04  -1.2201476119961044e-07  -4.2254398367645501e-04
4.9666666666666703e-01  -4.5042959595509302e-04  2.6281007286132379e-06  -4.5305769668370626e-04
5.0000000000000033e-01  -4.7842178551094072e-04  8.0559205700566835e-06  -4.8647770608099741e-04
5.0333333333333374e-01  -5.1452854557743066e-04  -7.0805916510542329e-06  -5.0744795392637643e-04
5.0666666666666704e-01  -5.3163498150343713e-04  1.7268383939733059e-05  -5.4890336544317019e-04
5.1000000000000034e-01  -5.7866299020092882e-04  2.4181993132729339e-06  -5.8108118951420175e-04
5.1333333333333375e-01  -6.0950166575879372e-04  8.4918305063832935e-06  -6.1799349626517701e-04
5.1666666666666705e-01  -6.5941692984439193e-04  -1.4839667093341610e-05  -6.4457726275105032e-04
5.2000000000000035e-01  -6.6488634579564554e-04  3.1324211473145961e-05  -6.9621055726879150e-04
5.2333333333333376e-01  -7.4186159810252228e-04  -1.1990291074605308e-05  -7.2987130702791697e-04
5.2666666666666706e-01  -7.7626290955512545e-04  -1.1671954559257366e-05  -7.6459095499586808e-04
5.3000000000000036e-01  -7.8902293289373482e-04  3.4324159980445089e-05  -8.2334709287417991e-04
5.3333333333333377e-01  -8.8165582114663188e-04  -2.2455285560574211e-05  -8.5920053558605767e-04
5.3666666666666707e-01  -9.1236661553861786e-04  -1.1813604394171487e-05  -9.0055301114444638e-04
5.4000000000000037e-01  -9.5097849926251143e-04  -9.1213417290601524e-07  -9.5006636508960542e-04
5.4333333333333378e-01  -1.0057658313928908e-03  -8.6918270370507297e-06  -9.9707400435584004e-04
5.4666666666666708e-01  -1.0542398241184525e-03  -8.9886525781192848e-06  -1.0452511715403332e-03
5.5000000000000038e-01  -1.0953408567346834e-03  2.5592610444535044e-05  -1.1209334671792184e-03
5.5333333333333379e-01  -1.1872363253093710e-03  -1.0924756753549194e-05  -1.1763115685558218e-03
5.5666666666666709e-01  -1.2405093792435817e-03  2.5375399164016734e-06  -1.2430469191599834e-03
5.6000000000000039e-01  -1.3160779850527327e-03  -1.5744856727518183e-05  -1.3003331283252145e-03
5.6333333333333380e-01  -1.3727741337670185e-03  -4.7605745348725057e-06  -1.3680135592321460e-03
5.6666666666666710e-01  -1.4406928478589709e-03  1.3698006298805366e-05  -1.4543908541577763e-03
5.7000000000000040e-01  -1.5349694923751933e-03  -1.4131208894299987e-06  -1.5335563714857633e-03
5.7333333333333381e-01  -1.6202858561653599e-03  -9.8697514218082632e-06  -1.6104161047435517e-03
5.7666666666666710e-01  -1.6837134147427157e-03  -3.1492481679369069e-05  -1.6522209330633467e-03
5.8000000000000040e-01  -1.7432541874895513e-03  3.3475068335559258e-08  -1.7432876625578869e-03
5.8333333333333381e-01  -1.8152525527674879e-03  -1.6919663237808212e-07  -1.8150833561351098e-03
5.8666666666666711e-01  -1.9175215224545017e-03  -3.0894049563717774e-07  -1.9172125819588645e-03
5.9000000000000041e-01  -2.0432949623863106e-03  6.9784568504332838e-06  -2.0502734192367439e-03
5.9333333333333382e-01  -2.1464008970359938e-03  -9.2061960791766512e-06  -2.1371947009568171e-03
5.9666666666666712e-01  -2.2086593085361983e-03  5.7796186219969715e-06  -2.2144389271581953e-03
6.0000000000000042e-01  -2.3244553034869053e-03  3.5749735515680330e-06  -2.3280302770384734e-03
6.0333333333333383e-01  -2.4724830375859597e-03  -3.6119558894849059e-06  -2.4688710816964748e-03
6.0666666666666713e-01  -2.5036436858898448e-03  3.5633662232517713e-05  -2.5392773481223625e-03
6.1000000000000043e-01  -2.6139601766574927e-03  3.4070920737731478e-05  -2.6480310973952242e-03
6.1333333333333384e-01  -2.7026540023602497e-03  5.3175254527124127e-05  -2.7558292568873738e-03
6.1666666666666714e-01  -2.9270124101015149e-03  -1.1507830377350658e-05  -2.9155045797241643e-03
6.2000000000000044e-01  -3.0648666819386161e-03  5.9725889132535882e-06  -3.0708392708518697e-03
6.2333333333333385e-01  -3.2645893116733937e-03  -1.1975943843844667e-05  -3.2526133678295491e-03
6.2666666666666715e-01  -3.4709556057863633e-03  -1.3214919366942926e-05  -3.4577406864194204e-03
6.3000000000000045e-01  -3.6237509109549038e-03  5.2034346172389646e-06  -3.6289543455721427e-03
6.3333333333333386e-01  -3.8627637101307233e-03  -3.2952196054193000e-07  -3.8624341881701814e-03
6.3666666666666716e-01  -4.0506810579965524e-03  -5.8983792698332621e-06  -4.0447826787267192e-03
6.4000000000000046e-01  -4.1814677871443440e-03  1.0928537360080370e-05  -4.1923963245044243e-03
6.4333333333333387e-01  -4.4364732165376175e-03  -2.7939326329370906e-06  -4.4336792839046804e-03
6.4666666666666717e-01  -4.6387409572703486e-03  4.5642130882738927e-06  -4.6433051703586225e-03
6.5000000000000047e-01  -4.9051938278816820e-03  -2.1867643406388998e-07  -4.9049751514476181e-03
6.5333333333333388e-01  -5.2082430970159521e-03  6.0033322935260265e-05  -5.2682764199512124e-03
6.5666666666666718e-01  -5.5200656049823049e-03  -9.2511870826390147e-05  -5.4275537341559148e-03
6.6000000000000048e-01  -5.7360604213987365e-03  1.1996197317515854e-05  -5.7480566187162524e-03
6.6333333333333389e-01  -6.0631040787835211e-03  3.0893512660135417e-05  -6.0939975914436565e-03
6.6666666666666707e-01  -6.4323246421638114e-03  -3.0228619553084382e-05  -6.4020960226107270e-03
6.7000000000000037e-01  -6.7559222297424171e-03  -2.0030617389742503e-05  -6.7358916123526746e-03
6.7333333333333367e-01  -7.1173986481347651e-03  -5.1994930243593612e-05  -7.0654037178911715e-03
6.7666666666666686e-01  -7.4670737160489331e-03  -6.3252863499748888e-05  -7.4038208525491842e-03
6.8000000000000016e-01  -7.8023504676898447e-03  -1.6631030895012788e-04  -7.6360401587397169e-03
6.8333333333333346e-01  -7.9984706628055680e-03  -4.3882766882594182e-05  -7.9545878959229738e-03
6.8666666666666665e-01  -8.4005241683793308e-03  9.1549022809452041e-05  -8.4920731911887828e-03
6.8999999999999995e-01  -8.8491252788880370e-03  2.1547106818451886e-04  -9.0645963470725559e-03
6.9333333333333325e-01  -9.5204280158360799e-03  5.1452830430164312e-05  -9.5718808462662442e-03
6.9666666666666643e-01  -1.0054797581481978e-02  4.5386749947428501e-05  -1.0100184331429406e-02
6.9999999999999973e-01  -1.1095860776482835e-02  -7.1511417964920977e-04  -1.0380746596833626e-02
7.0333333333333303e-01  -1.1012348271689287e-02  -1.4017289866907062e-04  -1.0872175373020217e-02
7.0666666666666622e-01  -1.1609372654500794e-02  -2.9754810753109331e-04  -1.1311824546969700e-02
7.0999999999999952e-01  -1.1896311821045558e-02  2.8013920614394089e-05  -1.1924325741659952e-02
7.1333333333333282e-01  -1.2786201203693226e-02  -3.9940265518519438e-04  -1.2386798548508032e-02
7.1666666666666601e-01  -1.2990146127374924e-02  8.2106655862062769e-05  -1.3072252783236987e-02
7.1999999999999931e-01  -1.3024878535291107e-02  9.9186896552129651e-04  -1.4016747500812403e-02
7.2333333333333261e-01  -1.5183509238588577e-02  -5.4708803283825928e-04  -1.4636421205750318e-02
7.2666666666666579e-01  -1.5623289029608856e-02  -2.8106110614935578e-04  -1.5342227923459500e-02
7.2999999999999909e-01  -1.6127971322232204e-02  1.1609383982535970e-05  -1.6139580706214740e-02
7.3333333333333239e-01  -1.6640809280620950e-02  3.9276026635036779e-04  -1.7033569546971317e-02
7.3666666666666558e-01  -1.9612718886884872e-02  -2.0195536212228547e-03  -1.7593165265662018e-02
7.3999999999999888e-01  -1.8745694886979747e-02  -3.0410600254178466e-04  -1.8441588884437962e-02
7.4333333333333218e-01  -1.9026622045893005e-02  4.0590882358165770e-04  -1.9432530869474662e-02
7.4666666666666537e-01  -2.0873109579837346e-02  -5.2751820411340439e-04  -2.0345591375723941e-02
7.4999999999999867e-01  -2.1423924790170412e-02  -6.9196663805205783e-05  -2.1354728126365206e-02
7.5333333333333197e-01  -2.0124423062527930e-02  2.5241678388931606e-03  -2.2648590901421090e-02
7.5666666666666516e-01  -2.2330414845408209e-02  1.5493330046176673e-03  -2.3879747850025876e-02
7.5999999999999845e-01  -2.7573158998297043e-02  -2.7194303308190372e-03  -2.4853728667478005e-02
7.6333333333333175e-01  -2.3836622129890905e-02  2.3648043069698713e-03  -2.6201426436860777e-02
7.6666666666666494e-01  -3.0748099032544385e-02  -3.4966356488628225e-03  -2.7251463383681562e-02
7.6999999999999824e-01  -2.6681336299266611e-02  1.9581144498048812e-03  -2.8639450749071493e-02
7.7333333333333154e-01  -2.6269760107441531e-02  3.8736045019327724e-03  -3.0143364609374303e-02
7.7666666666666473e-01  -3.1295569394599099e-02  2.4310539992181135e-04  -3.1538674794520910e-02
7.7999999999999803e-01  -2.6613225568862475e-02  6.5601402488700000e-03  -3.3173365817732475e-02
7.8333333333333133e-01  -3.5169586261972752e-02  -5.2964613393543386e-04  -3.4639940128037318e-02
7.8666666666666452e-01  -3.7127236137439512e-02  -9.8984369368235181e-04  -3.6137392443757160e-02
7.8999999999999782e-01  -3.6701765925235330e-02  1.0136211812533449e-03  -3.7715387106488675e-02
7.9333333333333111e-01  -5.3553123111724110e-02  -1.4506042533357563e-02  -3.9047080578366547e-02
7.9666666666666430e-01  -2.1403611843219039e-02  1.9553165677938154e-02  -4.0956777521157194e-02
7.9999999999999760e-01  -4.5501193572033971e-02  -2.9135331625733049e-03  -4.2587660409460666e-02
8.0333333333333090e-01  -5.8656178731736341e-02  -1.4514859900171886e-02  -4.4141318831564455e-02
8.0666666666666409e-01  -6.6637109931197980e-02  -2.0973625864306462e-02  -4.5663484066891517e-02
8.0999999999999739e-01  -4.9947969055738728e-02  -2.5810298461677664e-03  -4.7366939209570962e-02
8.1333333333333069e-01  -4.9073343086777133e-02  3.3945388602824034e-05  -4.9107288475379957e-02
8.1666666666666388e-01  -5.4148395271371719e-02  -3.2992301402755067e-03  -5.0849165131096212e-02
8.1999999999999718e-01  -5.7935555798116933e-02  -5.3351017228006267e-03  -5.2600454075316307e-02
8.2333333333333047e-01  -5.2118433848414636e-02  2.2402365082972928e-03  -5.4358670356711929e-02
8.2666666666666366e-01  -5.0848834812703636e-02  5.2499608507785775e-03  -5.6098795663482214e-02
8.2999999999999696e-01  -7.6132124754061170e-02  -1.8227812021151382e-02  -5.7904312732909788e-02
8.3333333333333026e-01  -4.7156774600532358e-02  1.2402103579759099e-02  -5.9558878180291458e-02
8.3666666666666345e-01  -6.7463899200277400e-02  -6.1804304674241764e-03  -6.1283468732853223e-02
8.3999999999999675e-01  -7.5867413971316466e-02  -1.2842904363322083e-02  -6.3024509607994383e-02
8.4333333333333005e-01  -5.0433559090149238e-02  1.4068216737050374e-02  -6.4501775827199612e-02
8.4666666666666324e-01  -5.1727947367660398e-02  1.4169883267397085e-02  -6.5897830635057483e-02
8.4999999999999654e-01  -9.2443640621175938e-02  -2.4828866352800780e-02  -6.7614774268375158e-02
8.5333333333332984e-01  -6.8049755876238294e-02  9.3510750199594928e-04  -6.8984863378234243e-02
8.5666666666666302e-01  -1.0297292768419508e-01  -3.2332109374358223e-02  -7.0640818309836859e-02
8.5999999999999632e-01  -9.8993519182541956e-02  -2.6850952278796344e-02  -7.2142566903745611e-02
8.6333333333332962e-01  -4.0978370049971513e-02  3.1856272511894809e-02  -7.2834642561866322e-02
8.6666666666666281e-01  -9.5936661414899760e-02  -2.1884723248013382e-02  -7.4051938166886377e-02
8.6999999999999611e-01  -8.0683254399021909e-02  -5.7493632625792712e-03  -7.4933891136442637e-02
8.7333333333332941e-01  -1.1392432369516303e-01  -3.7852372012755875e-02  -7.6071951682407157e-02
8.7666666666666260e-01  -6.0323731209120268e-02  1.6053714287168855e-02  -7.6377445496289123e-02
8.7999999999999590e-01  -1.2536817820723467e-01  -4.8054472219699038e-02  -7.7313705987535633e-02
8.8333333333332920e-01  -4.3065187852525888e-02  3.3996376728666358e-02  -7.7061564581192246e-02
8.8666666666666238e-01  -9.4466533560288557e-02  -1.7215168842376616e-02  -7.7251364717911941e-02
8.8999999999999568e-01  -2.8590223457262365e-02  4.7882970506665498e-02  -7.6473193963927863e-02
8.9333333333332898e-01  -5.2704512144751803e-02  2.3096552666566753e-02  -7.5801064811318555e-02
8.9666666666666217e-01  -1.9267692461697017e-02  5.5301710303699375e-02  -7.4569402765396392e-02
8.9999999999999547e-01  -1.0866799877342537e-01  -3.4517610402088506e-02  -7.4150388371336862e-02
9.0333333333332877e-01  -9.5677106706700599e-02  -2.2301398384798013e-02  -7.3375708321902586e-02
9.0666666666666196e-01  -3.9335165675707273e-02  3.2535239821156942e-02  -7.1870405496864215e-02
9.0999999999999526e-01  -5.1093902773007294e-02  1.9221641414308710e-02  -7.0315544187316004e-02
9.1333333333332856e-01  -3.2891727868857856e-03  6.4931446239327936e-02  -6.8220619026213722e-02
9.1666666666666174e-01  -5.9707688100830936e-02  6.7226039076037775e-03  -6.6430292008434713e-02
9.1999999999999504e-01  -6.6124605985568685e-02  -1.5967749018561267e-03  -6.4527831083712558e-02
9.2333333333332834e-01  -7.3956628473698771e-02  -1.1453217274048064e-02  -6.2503411199650707e-02
9.2666666666666153e-01  -6.1651578332932111e-02  -1.3623533407328831e-03  -6.0289224992199228e-02
9.2999999999999483e-01  -5.4470566586982905e-02  3.4818761206419288e-03  -5.7952442707624834e-02
9.3333333333332813e-01  -7.0746198297382712e-02  -1.5430574437551400e-02  -5.5315623859831312e-02
9.3666666666666132e-01  -4.9443974571010685e-02  3.5028683058229981e-03  -5.2946842876833683e-02
9.3999999999999462e-01  -5.0084862316766454e-02  2.0411179589532175e-04  -5.0288974112661776e-02
9.4333333333332792e-01  -5.4621570692959587e-02  -6.7549315250144473e-03  -4.7866639167945139e-02
9.4666666666666111e-01  -4.5896061095046292e-02  -7.6376810439687109e-04  -4.5132292990649421e-02
9.4999999999999440e-01  -5.5182881176330412e-02  -1.2604160250077212e-02  -4.2578720926253200e-02
9.5333333333332770e-01  -5.2801790773742141e-02  -1.2858505239120632e-02  -3.9943285534621509e-02
9.5666666666666089e-01  -4.0036905426678260e-02  -2.9232405204741643e-03  -3.7113664906204095e-02
9.5999999999999419e-01  -6.0822053939109111e-02  -2.6294393927834142e-02  -3.4527660011274969e-02
9.6333333333332749e-01  -6.6682659371357644e-03  2.4703818094406034e-02  -3.1372084031541798e-02
9.6666666666666068e-01  -2.5734639194053166e-02  2.7186966168104773e-03  -2.8453335810863643e-02
9.6999999999999398e-01  -7.0751813768476168e-02  -4.4863232243098253e-02  -2.5888581525377916e-02
9.7333333333332728e-01  -6.4826547758947584e-02  -4.1611317063943880e-02  -2.3215230695003704e-02
9.7666666666666047e-01  -1.8644654097869306e-02  1.5726643947488010e-03  -2.0217318492618108e-02
9.7999999999999376e-01  4.3566838325168611e-02  6.0496038135391256e-02  -1.6929199810222645e-02
9.8333333333332706e-01  -2.8703530321066317e-02  -1.4700133961131645e-02  -1.4003396359934672e-02
9.8666666666666025e-01  5.3241013193676245e-02  6.4026712729328930e-02  -1.0785699535652681e-02
9.8999999999999355e-01  -4.0823294950493860e-03  3.6805375532569483e-03  -7.7628670483063343e-03
9.9333333333332685e-01  -2.6118770450711537e-02  -2.1388846637672668e-02  -4.7299238130388693e-03
9.9666666666666004e-01  3.5615520375834819e-02  3.7190999510387068e-02  -1.5754791345522509e-03
